1111111111111111111111111100000000000001111111111111110000000000000000000000000000000000000000000000
1111111111111111111111111100000000000001111111111111111111000000000000000000000000000000000000000000
1111111111111111111111111100000000000001111111111111110000111111111111111111111111111111111111111111
1111111111111111111111111100000000000001111111111111110000000000000000000000000000000000000000000000
1111111111111111111111111100000000000001111111111111110000000000000000000000000000000000000000000000
1111111111111111111111111100000000000001111111111111110000000000000000000000000000000000000000000000
1111111111111111111111111100000000000001111111111111110000000000000000000000000000000000000000000000
1111111111111111111111111100000000000001111111111111110000000000000000000000000000000000000000000000
1111111111111111111111111100000000000001111111111111110000000000000000000000000000000000000000000000
1111111111111111111111111100000000000001111111111111110000000000010001001010000010000010000000001010
1111111111111111111111111100000000000001111111111111110000000000000000000000000000000000000000000000
1111111111111111111111111100000000000001111111111111110000000000000000000000000000000000000000000000
1111111111111111111111111100000000000001111111111111110000000000000000000000000000000000000000000000
1111111111111111111111111100000000000001111111111111110000000000000000000000000000000000000000000000
1111111111111111111111111100000000000001111111111111110000000000000000000000000000000000000000000000
1111111111111111111111111100000000000001111111111111110000000000000000000000000000100000000000000000
1111111111111111111111111100000000010101111111111111110000000000000000000000000000000000000000000000
1111111111111111111111111100000000000001111111111111110000000000000000000000000000000000000000000000
0000000000000000000000000000000000000000000000000000000000000000000000000000000000000000000000000000
1111111111111111111111111100000000000001111111111111110000000000000000000000000000000000000000000000
1111111111111111111111111100000000000001111111111111110000000000000000000000000000000000000000000000
1111111111111111111111111100000000000001111111111111110000000000000000000000000000000000000000000000
0000000000000000000000000000000010000001000000100000000000000000000000000000000000000000000000000000
1111111111111111111111111100000000000001111111111111110000000000000000000000000000000000000000000000
1111111111111111111111111100000000000001111111111111110000000000000000000000000000000000000000000000
1111111111111111111111111100000000000001111111111111110000000000000000000000000000000000000000000000
1111111111111111111111111100000000000001111111111111110000000000000000000000000000000000000000000000
0000000000000000000000000000000000000000000000000000000000000000000000000000000000000000000000000000
0000000000000000000000000000000000000000000000100001000000000000000000000000000000000000000000000000
0000000000000000000000000000000000000000000000100000000000000000000000000000000000000000000000000000
0000000000000000000000000000000000000000000000000000000000000000000000000000000000000000000000000000
0000000000000000000000000000000000000000000000000000000000000000000000000000000000000000000000000000
0000000000000000000000000000000000000000000000000000000000000000000000000000000000000000000000000000
0000000000000000000000000000000000000000000000000000000000000000000000000000000000000000000000000000
0000000000000000000000000000000000000000000000100000000000000000000000000000000000000000000000000000
0000000000000000000000000000000000010000000000100000000000000000000000000000000000000000000000000000
0000000000000000000000000000000000000000000000000000000000000000000000000000000000000000000000000000
0000000000000000000000000000000000000100000000100000000000000000000000000000000000000000000000000000
0000000000000000000000000000000000000010000000000000000000000000000000000000000000000000000000000000
1111111111111111111111111100000000000001111111111111110000000000000000000000000000000000000000000000
0000000000000000000000000000000000000000000000000000000000000000000000000000000000000000000000000000
0101000000000000000000000000000000000001001001100100000000000000000000000000000000000000000000000000
1111111111111111111111111100000000000001111111111111110000000000000000000000000000000000000000000000
0000000000000000000000000000000000000001000010100000000000000000000000000000000000000000000000000000
0000000000000000000000000000000000000001001101100000000000000000000000000000000000000000000000000000
1111111111111111111111111100000000000001111111111111110000000000000000000000000000000000000000000000
0000000000000000000000000000000000000000000000100000000001000000000000000000000000000000000000000000
0000000000000000000000000000000000000001000000100000000000000000000000000000000000000000000000000000
0000000000000000000000000000000000000000000000100000000000000000000000000000000000000000000000000000
0000000000000000000000000000000000000000000000100000000000000000000000000000000000000000000000000000
1111111111111111111111111100000000000001111111111111110000000000000000000000000000000000000000000000
1111111111111111111111111100000000000001111111111111110000000000000000000000000000000000000000000000
1111111111111111111111111100000000000001111111111111110000000000000000000000000000100000000000000000
0000000000000000000000000000000000000001000000100000000000000000000000000000000000000000000000000000
0000001000000000000000000000000000000000000000100000100000000000000000000000000000000000000000000000
0000000000000000000000000000000000000000000000100000000000000000000000000000000000000000000000000000
0000000000010000100000000000000000000000000000100000000000000000000000000000000000000000000000000000
1111111111111111111111111100000000000001111111111111110000000000000000000000000000000000000000000000
1111111111111111111111111100000000000001111111111111110000000000000000000000000000000000000000000000
0000000000000000000000000000000000000000000000100000000000000000000000000000000000000000000000000000
1111111111111111111111111100000000000001111111111111110000000000000000000000000000000000000000000000
1111111111111111111111111100000000000001111111111111110000000000000000000000000000000000000000000000
0000000000000000000000000000000000000001000000100000000000000000000000000000000000000000000000000000
0000000000000000000000000000000000000000000000000000000000000000000000000000000000000000000000000000
0000001000010100000000000000000000000000000000100000100000000000000000000000000000000000000000000000
0000001000010100000000000000000000000000000000100000100000000000000000000000000000000000100000000000
1111111111111111111111111100000000000001111111111111110000000000000000000000000000000000000000000000
0000000000000000000000000000000000000000000000100000000000000000000000000000000000000000000000000000
0000000000000000000000000000000000000000000000000000000000000000000001000000000000000000000000000000
0000000000000000000000000000000000010000000000000000000000000000000000000000000000000000000000000000
1111111111111111111111111100000000000001111111111111110000000000000000000000000000000000000000000000
0000001000000000000000000000000000000000000000100000100000000000000000000000000000000000000000000000
0000001000000000000000000000000000000000000000100000100000000000000000000000000000000000000000000000
0000001000000000000000000000000000000001000000100000000000000000000000000000000000000000000000000000
0000001000000000000000000000000000000001000000100000000000000000000000000000000000000000000000000000
1111111111111111111111111100000000000001111111111111110000000000000000000000000000000000000000000000
0000000000000000000000000000000000000000000000100000000000000000000000000000000000000000000000000000
0000000000000000000000000000000000000000000000100000000000000000000000000000000000000000000000000000
0000000000000000000000000000000000000000000000100000000000000000000000000000000000000000000000000000
0000000000010000000000000000000000000000000000000000100000000000000000000000000000000000000000000000
0000000000010000000000000000000000000000000000000000100000000000000000000000000000000000000000000000
0000000000000000000000000000000000000000000000100000000000000000000000000000000000000000000000000000
0000000000000000000000000000000000000000000000100000000000000000000000000000000000000000000000000000
1111111111111111111111111100000000000001111111111111110000000000000000000000000000000000000000000000
0000000000000000000000000000000000000000000000100000000000000000000000000000000000000000000000000000
0000001000010000000000000000000000000000000000100000100000000000000000000000000000000000000000000000
0000001000010000000000000000000000000000000000100000100000000000000000000000000000000000000000000000
0000000000000000000000000000000000000000000000100000000000000000000000000000000000000000000000000000
0000000000000000000000000000000000000000000000100000000000000000000000000000000000000000000000000000
1111111111111111111111111100000000000001111111111111110000000000000000000000000000000000000000000000
1111111111111111111111111100000000000001111111111111110000000000000000000000000000000000000000000000
1111111111111111111111111100000000000001111111111111110000000000000000000000000000000000000000000000
1111111111111111111111111100000000000001111111111111110000000000000000000000000000000000000000000000
0000000000000000000000000000000000000000000000100000000000000000000000000000000000000000000000000000
0000000000000000000000000000000000000001000000100000000000000000000000000000000000000000000000000000
0000000000000000000000000000000000000000001000100000000000000000000000000000000000000000000000000000
0000000000000000000000000000000000000000001000100000000000000000000000000000000000000000000000000000
0000000000000000000000000000000000000000001000100000000000000000000000000000000000000000000000000000
0000000000000000000000000000000000000000001000100000000000000000000000000000000000000000000000000000
0000001000000000000000000000000000000000000000100000000000000000000000000000000000000000000000000000